29
VC_A0140       0.0000000 0.0131128 0.0211350 0.0237192 0.0381752 0.0982333 0.3733298 0.3739294 0.3752922 0.3751311 0.3682217 0.3961702 0.3765627 0.3762282 0.3579555 0.3579555 0.3673483 0.3673483 0.3667538 0.3711428 0.3711428 0.3693385 0.3900239 0.3907251 0.3588860 0.3682029 0.3940983 0.3901643 0.3907793 
GHW66171.1     0.0131128 0.0000000 0.0211370 0.0210795 0.0397801 0.0954523 0.3655564 0.3661408 0.3675196 0.3673621 0.3611759 0.3878267 0.3755640 0.3752298 0.3619414 0.3619414 0.3700961 0.3700961 0.3695231 0.3738939 0.3738939 0.3720976 0.3938913 0.3945932 0.3665936 0.3796473 0.4048338 0.3927174 0.3851788 
HAS4571358.1   0.0211350 0.0211370 0.0000000 0.0211666 0.0453471 0.0989030 0.3760691 0.3766737 0.3780285 0.3778664 0.3727803 0.3980224 0.3704995 0.3701633 0.3567410 0.3567410 0.3688859 0.3688859 0.3683007 0.3727010 0.3727010 0.3708922 0.3983984 0.3991047 0.3702001 0.3761030 0.3955756 0.4018275 0.3889045 
WP_304572945.1 0.0237192 0.0210795 0.0211666 0.0000000 0.0451889 0.0923960 0.3803682 0.3809752 0.3823117 0.3821489 0.3693137 0.3884200 0.3711097 0.3707753 0.3473430 0.3473430 0.3668509 0.3668509 0.3587729 0.3632034 0.3632034 0.3613808 0.3977710 0.3984748 0.3713502 0.3734772 0.4003232 0.4028977 0.3796747 
TXZ33925.1     0.0381752 0.0397801 0.0453471 0.0451889 0.0000000 0.1109528 0.3892699 0.3898914 0.3912055 0.3910392 0.3753501 0.3999560 0.3787682 0.3784335 0.3635862 0.3635862 0.3864603 0.3864603 0.3886724 0.3929481 0.3929481 0.3911923 0.4112902 0.4159703 0.3904271 0.3954548 0.4190432 0.4069695 0.4160486 
EGU19621.1     0.0982333 0.0954523 0.0989030 0.0923960 0.1109528 0.0000000 0.3283546 0.3289380 0.3305815 0.3305144 0.3389618 0.3512212 0.3482256 0.3478592 0.3494812 0.3494812 0.3878971 0.3878971 0.3862836 0.3908219 0.3908219 0.3877795 0.3603129 0.3592559 0.3773785 0.3776267 0.3924049 0.3926940 0.3483130 
EKO3984585.1   0.3733298 0.3655564 0.3760691 0.3803682 0.3892699 0.3283546 0.0000000 0.0025558 0.0102550 0.0128364 0.0092643 0.1057319 0.2868877 0.2894803 0.2910967 0.2910967 0.3110281 0.3110281 0.3165582 0.3131519 0.3131519 0.3063944 0.3488714 0.3528830 0.3223145 0.3415074 0.3742731 0.3438166 0.4013593 
MBY7795437.1   0.3739294 0.3661408 0.3766737 0.3809752 0.3898914 0.3289380 0.0025558 0.0000000 0.0128294 0.0154177 0.0123648 0.1086146 0.2869748 0.2928040 0.2945299 0.2945299 0.3145878 0.3145878 0.3201570 0.3167073 0.3167073 0.3099358 0.3524704 0.3564947 0.3259895 0.3452818 0.3797173 0.3475678 0.4049878 
EKO3966906.1   0.3752922 0.3675196 0.3780285 0.3823117 0.3912055 0.3305815 0.0102550 0.0128294 0.0000000 0.0102522 0.0061639 0.1085447 0.2927226 0.2953091 0.2934638 0.2934638 0.3182031 0.3182031 0.3250385 0.3215230 0.3215230 0.3147203 0.3508396 0.3548439 0.3244230 0.3435996 0.3789638 0.3458862 0.3960320 
MBY8230713.1   0.3751311 0.3673621 0.3778664 0.3821489 0.3910392 0.3305144 0.0128364 0.0154177 0.0102522 0.0000000 0.0030800 0.1056978 0.2859891 0.2885760 0.2901533 0.2901533 0.3148115 0.3148115 0.3215970 0.3181244 0.3181244 0.3113366 0.3474030 0.3513970 0.3132184 0.3359844 0.3731505 0.3383169 0.3969264 
MCE7631139.1   0.3682217 0.3611759 0.3727803 0.3693137 0.3753501 0.3389618 0.0092643 0.0123648 0.0061639 0.0030800 0.0000000 0.0932649 0.2636012 0.2666881 0.2650050 0.2650050 0.3313349 0.3313349 0.3352691 0.3311194 0.3311194 0.3233220 0.3219775 0.3265741 0.3319730 0.3478734 0.3506867 0.3505262 0.3877539 
WP_143679863.1 0.3961702 0.3878267 0.3980224 0.3884200 0.3999560 0.3512212 0.1057319 0.1086146 0.1085447 0.1056978 0.0932649 0.0000000 0.2787283 0.2814168 0.3000259 0.3000259 0.3098220 0.3098220 0.3116130 0.3119600 0.3119600 0.3123688 0.3264696 0.3305034 0.3148945 0.3357133 0.3934514 0.3448137 0.3778424 
WP_265686903.1 0.3765627 0.3755640 0.3704995 0.3711097 0.3787682 0.3482256 0.2868877 0.2869748 0.2927226 0.2859891 0.2636012 0.2787283 0.0000000 0.0102364 0.2888938 0.2888938 0.2970705 0.2970705 0.3023666 0.2982778 0.2982778 0.2950561 0.3149814 0.3150358 0.3005311 0.2977203 0.2979158 0.3096783 0.3469707 
WP_252033604.1 0.3762282 0.3752298 0.3701633 0.3707753 0.3784335 0.3478592 0.2894803 0.2928040 0.2953091 0.2885760 0.2666881 0.2814168 0.0102364 0.0000000 0.2918661 0.2918661 0.2968328 0.2968328 0.3021276 0.2982889 0.2982889 0.2950675 0.3171412 0.3171955 0.3027910 0.3000165 0.2975182 0.3119435 0.3495915 
GAA5644929.1   0.3579555 0.3619414 0.3567410 0.3473430 0.3635862 0.3494812 0.2910967 0.2945299 0.2934638 0.2901533 0.2650050 0.3000259 0.2888938 0.2918661 0.0000000 0.0000010 0.3296447 0.3296447 0.3276160 0.3283532 0.3283532 0.3322115 0.3418546 0.3479314 0.3143038 0.3260246 0.3411182 0.3535332 0.3945378 
WP_156008740.1 0.3579555 0.3619414 0.3567410 0.3473430 0.3635862 0.3494812 0.2910967 0.2945299 0.2934638 0.2901533 0.2650050 0.3000259 0.2888938 0.2918661 0.0000010 0.0000000 0.3296447 0.3296447 0.3276160 0.3283532 0.3283532 0.3322115 0.3418546 0.3479314 0.3143038 0.3260246 0.3411182 0.3535332 0.3945378 
OEE74289.1     0.3673483 0.3700961 0.3688859 0.3668509 0.3864603 0.3878971 0.3110281 0.3145878 0.3182031 0.3148115 0.3313349 0.3098220 0.2970705 0.2968328 0.3296447 0.3296447 0.0000000 0.0000010 0.0135809 0.0189261 0.0189261 0.0216432 0.4039889 0.3975373 0.4039829 0.4073849 0.3591806 0.3701063 0.3510088 
WP_198926735.1 0.3673483 0.3700961 0.3688859 0.3668509 0.3864603 0.3878971 0.3110281 0.3145878 0.3182031 0.3148115 0.3313349 0.3098220 0.2970705 0.2968328 0.3296447 0.3296447 0.0000010 0.0000000 0.0135809 0.0189261 0.0189261 0.0216432 0.4039889 0.3975373 0.4039829 0.4073849 0.3591806 0.3701063 0.3510088 
WP_199485469.1 0.3667538 0.3695231 0.3683007 0.3587729 0.3886724 0.3862836 0.3165582 0.3201570 0.3250385 0.3215970 0.3352691 0.3116130 0.3023666 0.3021276 0.3276160 0.3276160 0.0135809 0.0135809 0.0000000 0.0108721 0.0108721 0.0135980 0.4123022 0.4057733 0.4123625 0.4120354 0.3650276 0.3779334 0.3488888 
NAX43402.1     0.3711428 0.3738939 0.3727010 0.3632034 0.3929481 0.3908219 0.3131519 0.3167073 0.3215230 0.3181244 0.3311194 0.3119600 0.2982778 0.2982889 0.3283532 0.3283532 0.0189261 0.0189261 0.0108721 0.0000000 0.0000010 0.0134715 0.4083686 0.4019009 0.4083972 0.4080295 0.3591019 0.3743586 0.3488886 
WP_176429027.1 0.3711428 0.3738939 0.3727010 0.3632034 0.3929481 0.3908219 0.3131519 0.3167073 0.3215230 0.3181244 0.3311194 0.3119600 0.2982778 0.2982889 0.3283532 0.3283532 0.0189261 0.0189261 0.0108721 0.0000010 0.0000000 0.0134715 0.4083686 0.4019009 0.4083972 0.4080295 0.3591019 0.3743586 0.3488886 
OEE43498.1     0.3693385 0.3720976 0.3708922 0.3613808 0.3911923 0.3877795 0.3063944 0.3099358 0.3147203 0.3113366 0.3233220 0.3123688 0.2950561 0.2950675 0.3322115 0.3322115 0.0216432 0.0216432 0.0135980 0.0134715 0.0134715 0.0000000 0.4089244 0.4024483 0.4089575 0.4085954 0.3540322 0.3748651 0.3564103 
WP_237304509.1 0.3900239 0.3938913 0.3983984 0.3977710 0.4112902 0.3603129 0.3488714 0.3524704 0.3508396 0.3474030 0.3219775 0.3264696 0.3149814 0.3171412 0.3418546 0.3418546 0.4039889 0.4039889 0.4123022 0.4083686 0.4083686 0.4089244 0.0000000 0.0104572 0.0192509 0.0363267 0.0427011 0.1110023 0.4434859 
WP_045396325.1 0.3907251 0.3945932 0.3991047 0.3984748 0.4159703 0.3592559 0.3528830 0.3564947 0.3548439 0.3513970 0.3265741 0.3305034 0.3150358 0.3171955 0.3479314 0.3479314 0.3975373 0.3975373 0.4057733 0.4019009 0.4019009 0.4024483 0.0104572 0.0000000 0.0247784 0.0363038 0.0426635 0.1110601 0.4323592 
WP_061009122.1 0.3588860 0.3665936 0.3702001 0.3713502 0.3904271 0.3773785 0.3223145 0.3259895 0.3244230 0.3132184 0.3319730 0.3148945 0.3005311 0.3027910 0.3143038 0.3143038 0.4039829 0.4039829 0.4123625 0.4083972 0.4083972 0.4089575 0.0192509 0.0247784 0.0000000 0.0478794 0.0413294 0.1138445 0.4191012 
HDM8062959.1   0.3682029 0.3796473 0.3761030 0.3734772 0.3954548 0.3776267 0.3415074 0.3452818 0.3435996 0.3359844 0.3478734 0.3357133 0.2977203 0.3000165 0.3260246 0.3260246 0.4073849 0.4073849 0.4120354 0.4080295 0.4080295 0.4085954 0.0363267 0.0363038 0.0478794 0.0000000 0.0041627 0.1037023 0.4215909 
CAH1228621.1   0.3940983 0.4048338 0.3955756 0.4003232 0.4190432 0.3924049 0.3742731 0.3797173 0.3789638 0.3731505 0.3506867 0.3934514 0.2979158 0.2975182 0.3411182 0.3411182 0.3591806 0.3591806 0.3650276 0.3591019 0.3591019 0.3540322 0.0427011 0.0426635 0.0413294 0.0041627 0.0000000 0.0711865 0.4505202 
EHV5558441.1   0.3901643 0.3927174 0.4018275 0.4028977 0.4069695 0.3926940 0.3438166 0.3475678 0.3458862 0.3383169 0.3505262 0.3448137 0.3096783 0.3119435 0.3535332 0.3535332 0.3701063 0.3701063 0.3779334 0.3743586 0.3743586 0.3748651 0.1110023 0.1110601 0.1138445 0.1037023 0.0711865 0.0000000 0.4114318 
WP_065612261.1 0.3907793 0.3851788 0.3889045 0.3796747 0.4160486 0.3483130 0.4013593 0.4049878 0.3960320 0.3969264 0.3877539 0.3778424 0.3469707 0.3495915 0.3945378 0.3945378 0.3510088 0.3510088 0.3488888 0.3488886 0.3488886 0.3564103 0.4434859 0.4323592 0.4191012 0.4215909 0.4505202 0.4114318 0.0000000 
